[93, 16, 73, 50, 95, 19, 87, 37, 57, 38]
[89, 93, 11, 64, 16, 59, 61, 39, 37, 90]
[12, 77, 17, 53, 57, 27, 19, 22, 87, 35]
[11, 99, 30, 64, 41, 30, 22, 33, 94, 75]
[90, 74, 84, 97, 46, 4, 50, 24, 88, 77]
[10, 80, 74, 21, 91, 45, 53, 64, 46, 44]
[23, 50, 40, 48, 38, 96, 68, 70, 9, 41]
[97, 54, 14, 55, 12, 75, 20, 47, 9, 55]
[4, 70, 68, 89, 83, 30, 41, 23, 37, 9]
[20, 51, 73, 41, 13, 59, 24, 24, 27, 5]
Even variable has been entered: 8 so program have filtered all even number from the list 
[16, 50, 38]
[64, 16, 90]
[12, 22]
[30, 64, 30, 22, 94]
[90, 74, 84, 46, 4, 50, 24, 88]
[10, 80, 74, 64, 46, 44]
[50, 40, 48, 38, 96, 68, 70]
[54, 14, 12, 20]
[4, 70, 68, 30]
[20, 24, 24]
