[93, 47, 59, 72, 5, 40, 12, 63, 48, 15]
[96, 28, 13, 74, 27, 70, 40, 92, 57, 99]
[87, 83, 33, 88, 67, 80, 45, 6, 92, 98]
[16, 25, 46, 68, 33, 5, 25, 65, 98, 24]
[93, 40, 2, 96, 80, 17, 43, 97, 67, 93]
[99, 71, 41, 61, 48, 66, 45, 19, 12, 48]
[17, 24, 27, 91, 46, 41, 17, 49, 27, 92]
[40, 61, 51, 43, 39, 67, 68, 44, 28, 50]
[67, 94, 19, 75, 86, 73, 13, 70, 31, 35]
[43, 14, 65, 24, 10, 68, 41, 52, 56, 97]

Even variable has been entered: 8 so program have filtered all even number from the list 

[72, 40, 12, 48]
[96, 28, 74, 70, 40, 92]
[88, 80, 6, 92, 98]
[16, 46, 68, 98, 24]
[40, 2, 96, 80]
[48, 66, 12, 48]
[24, 46, 92]
[40, 68, 44, 28, 50]
[94, 86, 70]
[14, 24, 10, 68, 52, 56]
