[90, 6, 11, 48, 1, 97, 45, 9, 43, 73]
[59, 49, 37, 59, 75, 38, 7, 7, 26, 11]
[39, 44, 15, 17, 98, 93, 59, 26, 76, 17]
[93, 74, 15, 86, 68, 91, 20, 86, 86, 70]
[51, 11, 25, 41, 68, 21, 41, 67, 30, 41]
[76, 67, 30, 48, 60, 96, 61, 97, 38, 28]
[63, 68, 66, 1, 1, 88, 60, 95, 7, 59]
[88, 15, 64, 74, 69, 13, 32, 44, 51, 12]
[59, 85, 34, 7, 46, 81, 91, 83, 76, 14]
[77, 84, 73, 61, 18, 68, 63, 23, 17, 22]
Odd variable has been entered: 7 so program have filtered all odd number from the list 
[11, 1, 97, 45, 9, 43, 73]
[59, 49, 37, 59, 75, 7, 7, 11]
[39, 15, 17, 93, 59, 17]
[93, 15, 91]
[51, 11, 25, 41, 21, 41, 67, 41]
[67, 61, 97]
[63, 1, 1, 95, 7, 59]
[15, 69, 13, 51]
[59, 85, 7, 81, 91, 83]
[77, 73, 61, 63, 23, 17]
